lasso-lambda-0.1.csv	799.3721	27.9123595345 %	90.6735	76.6302	6.5492
lasso-lambda-1.csv	799.2692	27.9122105306 %	90.6730	76.6542	6.5490
lasso-lambda-10.csv	799.3721	27.9123595934 %	90.6735	76.6302	6.5492
lasso-lambda-100.csv	799.3721	27.9123595373 %	90.6735	76.6302	6.5492
lasso-lambda-1000.csv	799.2692	27.9122107418 %	90.6730	76.6542	6.5490
lasso-lambda-10000.csv	799.8789	27.8719409587 %	90.5422	75.7719	6.7888
lasso-lambda-100000.csv	705.5904	25.4867549696 %	82.7939	63.6091	5.0502
lasso-lambda-1000000.csv	799.3842	27.9123810506 %	90.6736	76.6303	6.5493
lasso-lambda-10000000.csv	800.1100	27.8723766674 %	90.5436	75.7566	6.7911
lasso-lambda-100000000.csv	800.6017	27.8820660989 %	90.5751	75.9805	6.6875
lasso-lambda-1000000000.csv	802.5925	28.0847090619 %	91.2334	76.7628	6.9721
